DDDDDDDDDDDDDDDDD4000TTTT000000000000000000TTT00XVVVVVVVVVZ0000000000
DDDDDDDDDDDDDDDDD4000TTTTT000000000000000000TT00XVVVVVVVVVZ0000000000
DDDDDDDDDDDDDDDDD400000000000000000000000TTTTT00*WW+VVVVVVZ0000000000
DDDDDDDDDDDDDDDDD40000000000000000000000000TTT00000*WWWWWW&0000000000
DDDDDDDDDDDDDDDDD4000000000000000000000000000000000000000000000000000
111111111111111119000000000000000000000000000000000000000000000000000
0000000000000000000000000PHHHR000000000000000000000000000000000000000
0000000000000000000000000GKFLI00SSSSS00SSSSS0000000000000000000000000
0000000000000000000000000GI0GI00SSSSS00SSSSS0000000000000000000000000
TT00000000000000000000000GI0GI00SSSSS00SSSSS0000000000000000000000000
TTTT000000000000000000000GI0GI00SSSSS00000000000000000000000000000000
TTTTTT0000000000000000000GJHMI000000000000000000000000000000000000000
TTTTTTTTTTT00000000000000OFFFN000000000000000000000000000000000000000
TTTTTTTTT000000000000000000000000000000000000000000000000000000000000
TTTTTTTTTTTT000000000000000000000000000000000000000000000000000000000
TTTTTTTT0000000000000000000000000000000000000000000000000000000000000
000000000000000000000000000000000000000000000000000000000000000000000
000000000000000000000000000000000000000000000000000000000000000000000
000000000000000000000000000000000000000000000000000000000000000000000
000000000000000000000000000000000000000000000000000000000000000000000
YYYYYYYYYYYYYYYYYYYYYYYYYYY>00000<YYYYYYYYYYYYYYYYYYYYYYYYYYYYYYYYYYY
VVVVVVVVVVVVVVVVVVVVVVVVVVVZ00000XVVVVVVVVVVVVVVVVVVVVVVVVVVVVVVVVVVV
WWWWWWWWWWWWWWWWWWWWWWWWWWW&00000*WWWWWWWWWWWWWWWWWWWWWWWWWWWWWWWWWWW
000000000000000000000000000000000000000000000000000000000000000000000
000000000000000000000000000000000000000000000000000000000000000000000
000000000000000000000000000000000000000000000000000000000000000000000
000000000000000000000000000000000000000000000000000000000000000000000
000000000000000000000000000000000000000000000000000000000000000000000
000000000000000000000000000000000000000000000000000000000000000000000
000000000000000000000000000000000000000000000000000000000000000000000
000000000000000000000000000000000000000000000000000000000000000000000
000000000000000000000000000000000000000000000000000000000000000000000
000000000000000000000000000000000000000000000000000000000000000000000
000000000000000000000000000000000000000000000000000000000000000000000
000000000000000000000000000000000000000000000000000000000000000000000
000000000000000000000000000000000000000000000000000000000000000000000
000000000000000000000000000000000000000000000000000000000000000000000
000000000000000000000000000000000000000000000000000000000000000000000
000000000000000000000000000000000000000000000000000000000000000000000
000000000000000000000000000000000000000000000000000000000000000000000
000000000000000000000000000000000000000000000000000000000000000000000
000000000000000000000000000000000000000000000000000000000000000000000
000000000000000000000000000000000000000000000000000000000000000000000
000000000000000000000000000000000000000000000000000000000000000000000
000000000000000000000000000000000000000000000000000000000000000000000
000000000000000000000000000000000000000000000000000000000000000000000
000000000000000000000000000000000000000000000000000000000000000000000
000000000000000000000000000000000000000000000000000000000000000000000
000000000000000000000000000000000000000000000000000000000000000000000
000000000000000000000000000000000000000000000000000000000000000000000
000000000000000000000000000000000000000000000000000000000000000000000
000000000000000000000000000000000000000000000000000000000000000000000
000000000000000000000000000000000000000000000000000000000000000000000
000000000000000000000000000000000000000000000000000000000000000000000
000000000000000000000000000000000000000000000000000000000000000000000
000000000000000000000000000000000000000000000000000000000000000000000
000000000000000000000000000000000000000000000000000000000000000000000
000000000000000000000000000000000000000000000000000000000000000000000
000000000000000000000000000000000000000000000000000000000000000000000
000000000000000000000000000000000000000000000000000000000000000000000
000000000000000000000000000000000000000000000000000000000000000000000
000000000000000000000000000000000000000000000000000000000000000000000
000000000000000000000000000000000000000000000000000000000000000000000
000000000000000000000000000000000000000000000000000000000000000000000
000000000000000000000000000000000000000000000000000000000000000000000
000000000000000000000000000000000000000000000000000000000000000000000
000000000000000000000000000000000000000000000000000000000000000000000
000000000000000000000000000000000000000000000000000000000000000000000
000000000000000000000000000000000000000000000000000000000000000000000
000000000000000000000000000000000000000000000000000000000000000000000